0.000	143.7	-202.8
0.050	144.7	-203.2
0.100	144.9	-203.2
0.150	145.7	-202.9
0.200	147.5	-203.2
0.250	148.8	-203.3
0.300	148.3	-203.0
0.350	150.7	-203.6
0.400	150.9	-203.2
0.450	152.6	-203.6
0.500	153.3	-203.5
0.550	154.1	-203.1
0.600	155.2	-203.6
0.650	156.1	-203.1
0.700	157.1	-203.7
0.750	157.5	-202.8
0.800	158.7	-203.7
0.850	159.4	-202.7
0.900	160.7	-203.9
0.950	161.2	-202.9
1.000	162.5	-203.8
1.050	163.2	-202.9
1.100	164.3	-203.7
1.150	165.0	-203.1
1.200	166.1	-203.4
1.250	167.2	-203.2
1.300	168.1	-203.1
1.350	169.3	-203.6
1.400	169.9	-203.0
1.450	171.1	-203.8
1.500	171.6	-202.8
1.550	172.5	-203.7
1.600	173.2	-202.8
1.650	174.2	-203.1
1.700	175.4	-203.8
1.750	176.3	-203.7
1.800	176.9	-203.2
1.850	178.2	-203.3
1.900	179.0	-203.4
1.950	179.9	-203.1
2.000	181.1	-203.7
2.050	181.5	-202.8
2.100	182.7	-204.0
2.150	183.0	-202.9
2.200	184.2	-203.6
2.250	185.4	-203.3
2.300	186.1	-203.5
2.350	187.2	-203.2
2.400	188.2	-203.3
2.450	189.0	-203.3
2.500	190.5	-203.7
2.550	191.0	-203.1
2.600	192.0	-203.8
2.650	192.7	-202.9
2.700	193.8	-203.8
2.750	194.5	-202.9
2.800	195.4	-203.6
2.850	196.1	-203.0
2.900	197.2	-203.4
2.950	198.3	-203.2
3.000	199.1	-203.4
3.050	200.3	-202.9
3.100	201.0	-203.2
3.150	201.8	-203.8
3.200	202.5	-203.0
3.250	203.8	-203.9
3.300	204.3	-203.0
3.350	205.3	-203.7
3.400	206.0	-203.1
3.450	207.1	-203.2
3.500	208.3	-203.6
3.550	209.1	-203.2
3.600	210.0	-203.7
3.650	210.6	-203.0
3.700	211.4	-203.7
3.750	212.2	-203.1
3.800	215.1	-203.3
3.850	216.1	-203.9
3.900	216.6	-203.0
3.950	217.9	-203.7
4.000	218.2	-203.2
4.050	219.2	-203.6
4.100	219.9	-203.2
4.150	221.1	-203.4
4.200	221.9	-203.2
4.250	222.7	-203.1
4.300	223.4	-203.9
4.350	224.3	-202.9
4.400	225.1	-203.6
4.450	226.2	-203.0
4.500	227.1	-203.3
4.550	228.0	-203.1
4.600	228.9	-203.7
4.650	229.1	-203.1
4.700	230.1	-203.5
4.750	231.2	-203.3
4.800	232.0	-203.2
4.850	232.8	-203.7
4.900	233.4	-203.0
4.950	234.6	-203.6
5.000	235.0	-203.3
5.050	236.2	-203.3
5.100	237.8	-203.2
5.150	238.8	-203.2
5.200	239.4	-203.6
5.250	240.1	-203.3
5.300	241.0	-203.5
5.350	242.0	-203.3
5.400	242.4	-203.4
5.450	242.9	-203.4
5.500	244.4	-203.8
5.550	244.9	-203.5
5.600	246.0	-203.8
5.650	246.3	-203.5
5.700	247.0	-203.5
5.750	247.9	-203.8
5.800	249.1	-204.0
5.850	249.4	-203.9
5.900	250.2	-203.7
5.950	251.1	-203.7
6.000	252.3	-204.0
6.050	253.4	-204.1
6.100	254.2	-204.1
6.150	255.2	-204.0
6.200	256.1	-204.0
6.250	256.7	-203.9
6.300	257.1	-203.7
6.350	258.0	-203.7
6.400	259.2	-203.9
6.450	260.1	-203.9
6.500	260.4	-203.7
6.550	261.2	-203.6
6.600	262.0	-203.6
6.650	263.2	-204.0
6.700	264.0	-204.0
6.750	264.4	-203.8
6.800	265.1	-203.7
6.850	265.9	-203.6
6.900	267.1	-204.1
6.950	267.3	-203.9
7.000	268.2	-203.7
7.050	269.3	-204.1
7.100	270.4	-204.1
7.150	271.1	-204.0
7.200	271.5	-203.9
7.250	272.0	-203.7
7.300	273.2	-204.0
7.350	274.1	-204.0
7.400	274.7	-203.9
7.450	275.3	-203.8
7.500	276.1	-203.7
7.550	277.0	-203.9
7.600	277.6	-203.8
7.650	278.3	-203.7
7.700	279.1	-203.7
7.750	280.0	-204.0
7.800	280.5	-203.8
7.850	281.2	-203.7
7.900	282.1	-203.6
7.950	283.1	-203.9
8.000	283.6	-203.9
8.050	284.3	-203.8
8.100	285.2	-203.7
8.150	286.1	-204.0
8.200	286.8	-203.9
8.250	287.4	-203.8
8.300	288.2	-203.8
8.350	289.2	-204.1
8.400	290.0	-204.0
8.450	290.6	-203.8
8.500	291.3	-203.8
8.550	292.2	-203.7
8.600	293.1	-204.0
8.650	293.6	-203.9
8.700	294.3	-203.8
8.750	295.2	-203.7
8.800	296.1	-204.0
8.850	296.6	-203.8
8.900	297.2	-203.7
8.950	297.9	-203.9
9.000	298.5	-203.9
9.050	299.2	-203.8
9.100	300.1	-204.0
9.150	300.6	-203.9
9.200	301.3	-203.8
9.250	302.1	-203.7
9.300	302.9	-204.0
9.350	303.3	-203.8
9.400	304.2	-204.1
9.450	305.1	-204.0
9.500	305.6	-203.9
9.550	306.2	-203.8
9.600	307.2	-204.1
9.650	307.8	-204.0
9.700	308.3	-203.7
9.750	309.2	-204.1
9.800	309.6	-203.9
9.850	310.3	-203.8
9.900	311.0	-204.0
9.950	311.7	-203.8
10.000	312.4	-203.7
10.050	313.1	-204.0
10.100	313.7	-203.9
10.150	314.4	-203.8
10.200	315.0	-204.0
10.250	315.6	-203.8
10.300	316.2	-203.7
10.350	317.1	-204.1
10.400	317.6	-203.9
10.450	318.3	-203.8
10.500	319.0	-204.0
10.550	319.6	-203.8
10.600	320.3	-203.7
10.650	321.0	-203.9
10.700	321.6	-203.7
10.750	322.2	-203.6
10.800	323.0	-203.8
10.850	323.5	-203.7
10.900	324.3	-203.7
10.950	324.9	-203.9
11.000	325.4	-203.7
11.050	326.3	-203.7
11.100	326.9	-203.9
11.150	327.4	-203.7
11.200	328.0	-204.0
11.250	328.7	-203.7
11.300	329.2	-203.7
11.350	330.0	-204.0
11.400	330.6	-203.7
11.450	331.3	-203.6
11.500	331.9	-203.8
11.550	332.5	-203.7
11.600	333.3	-203.6
11.650	333.8	-203.8
11.700	334.4	-203.7
11.750	335.0	-203.9
11.800	335.5	-203.8
11.850	336.1	-203.9
11.900	336.7	-203.7
11.950	337.4	-203.6
12.000	338.0	-203.8
12.050	338.5	-203.6
12.100	339.0	-203.9
12.150	339.7	-203.7
12.200	340.4	-203.7
12.250	341.0	-203.9
12.300	341.6	-203.7
12.350	342.3	-203.6
12.400	342.8	-203.8
12.450	343.4	-203.7
12.500	343.9	-203.8
12.550	344.7	-203.7
12.600	345.2	-203.6
12.650	345.9	-203.7
12.700	346.4	-203.6
12.750	346.9	-203.8
12.800	347.6	-203.6
12.850	348.0	-203.8
12.900	348.7	-203.7
12.950	349.3	-203.6
13.000	349.8	-203.7
13.050	350.5	-203.6
13.100	351.0	-203.8
13.150	351.5	-203.6
13.200	352.0	-203.8
13.250	352.6	-203.7
13.300	353.0	-203.8
13.350	353.6	-203.7
13.400	354.4	-203.6
13.450	354.9	-203.8
13.500	355.4	-203.6
13.550	355.9	-203.8
13.600	356.5	-203.7
13.650	357.5	-203.0
13.700	357.7	-203.6
13.750	358.5	-203.0
13.800	359.4	-202.9
13.850	359.8	-203.1
13.900	360.4	-202.8
13.950	360.8	-203.0
14.000	361.4	-202.8
14.050	361.8	-202.9
14.100	362.4	-202.7
14.150	362.8	-202.9
14.200	363.4	-202.7
14.250	363.8	-202.9
14.300	364.4	-202.7
14.350	364.8	-202.9
14.400	365.6	-202.8
14.450	365.8	-202.9
14.500	366.5	-202.7
14.550	366.8	-202.9
14.600	367.5	-202.7
14.650	367.8	-202.9
14.700	368.4	-202.7
14.750	368.8	-202.8
14.800	369.4	-202.7
14.850	369.8	-202.8
14.900	370.5	-202.7
14.950	370.8	-202.8
15.000	371.5	-202.7
15.050	371.8	-202.8
15.100	372.5	-202.7
15.150	372.8	-202.8
15.200	373.5	-202.7
15.250	373.7	-202.8
15.300	374.4	-202.7
15.350	374.7	-202.8
15.400	375.4	-202.7
15.450	375.7	-202.8
15.500	376.4	-202.7
15.550	376.7	-202.8
15.600	377.5	-202.0
15.650	377.6	-202.7
15.700	378.5	-201.9
15.750	378.6	-202.7
15.800	378.8	-202.8
15.850	379.7	-202.0
15.900	379.9	-202.0
15.950	380.6	-201.9
16.000	380.7	-202.0
16.050	381.5	-201.8
16.100	381.7	-201.9
16.150	382.5	-201.8
16.200	382.7	-201.9
16.250	383.5	-201.8
16.300	383.6	-201.8
16.350	383.8	-201.9
16.400	384.6	-201.8
16.450	384.7	-201.9
16.500	385.5	-201.8
16.550	385.6	-201.8
16.600	386.5	-201.8
16.650	386.6	-201.8
16.700	386.8	-201.9
16.750	387.5	-201.8
16.800	387.7	-201.8
16.850	387.8	-201.9
16.900	388.6	-201.8
16.950	388.7	-201.9
17.000	389.6	-200.9
17.050	389.7	-201.8
17.100	390.6	-200.9
17.150	390.6	-201.8
17.200	390.8	-201.8
17.250	391.7	-200.9
17.300	391.7	-201.8
17.350	392.6	-200.9
17.400	392.7	-200.9
17.450	392.7	-201.8
17.500	393.6	-200.9
17.550	393.6	-201.8
17.600	393.8	-201.8
17.650	394.7	-200.9
17.700	394.8	-200.9
17.750	395.6	-200.8
17.800	395.7	-200.9
17.850	395.8	-200.9
17.900	396.6	-200.8
17.950	396.7	-200.9
18.000	397.5	-200.8
18.050	397.7	-200.9
18.100	397.7	-200.9
18.150	398.6	-200.8
18.200	398.7	-200.9
18.250	398.8	-200.9
18.300	399.6	-200.8
18.350	399.7	-200.9
18.400	399.8	-200.9
18.450	400.6	-200.8
18.500	400.7	-200.9
18.550	400.7	-200.9
18.600	401.6	-200.8
18.650	401.6	-200.8
18.700	401.7	-200.9
18.750	402.5	-200.8
18.800	402.7	-200.8
18.850	402.7	-200.8
18.900	402.7	-200.9
18.950	402.7	-200.9
